<?xml version="1.0" encoding="UTF-8"?>
<document version="1.5.0">
  <chunk label="Chunk 3" enabled="true">
    <sensors next_id="1">
      <sensor id="0" label="unknown" type="frame">
        <resolution width="2896" height="4344"/>
        <property name="layer_index" value="0"/>
        <bands>
          <band label="Red"/>
          <band label="Green"/>
          <band label="Blue"/>
        </bands>
        <data_type>uint8</data_type>
        <calibration type="frame" class="adjusted">
          <resolution width="2896" height="4344"/>
          <f>10666.746550515823</f>
          <cx>784.73892143631076</cx>
          <cy>-182.65318228306381</cy>
          <k1>0.84871280548486061</k1>
          <k2>58.057787213641589</k2>
          <k3>-599.09700097614336</k3>
          <p1>0.069424394254531452</p1>
          <p2>-0.29589189728513809</p2>
        </calibration>
        <covariance>
          <params>f cx cy k1 k2 k3 p1 p2</params>
          <coeffs>5.5903103073179796e+06 5.4829292431310707e+04 -7.3313830732873781e+05 -5.8350238247782988e+02 7.6926338915403234e+04 -9.7351616879476886e+05 7.0428356102043779e+01 4.5289977564943600e+00 5.4829292431310707e+04 3.1590473538543610e+05 -8.9103474983612294e+04 -1.6679726019208817e+02 -9.4651135153060604e+03 2.0626307413369324e+05 3.0425955264076567e+01 2.5039153628807952e+01 -7.3313830732873781e+05 -8.9103474983612294e+04 2.5654219650140652e+05 3.0179221856794436e+02 -1.5844215647941067e+02 -6.3763955376706312e+04 -1.5035388443782340e+01 -1.3870492004055418e+01 -5.8350238247782988e+02 -1.6679726019208817e+02 3.0179221856794436e+02 4.8465392397715767e+00 -8.8806961605766972e+01 5.4031141520394124e+02 1.1947550067443867e-01 -9.1680670683988219e-02 7.6926338915403234e+04 -9.4651135153060604e+03 -1.5844215647941067e+02 -8.8806961605766972e+01 5.2611367293921130e+03 -6.2033076615380305e+04 -1.6344900097583566e+00 -8.1147574696877434e-01 -9.7351616879476886e+05 2.0626307413369324e+05 -6.3763955376706312e+04 5.4031141520394124e+02 -6.2033076615380305e+04 8.7378979910315864e+05 1.0604676409192784e+01 1.4768647119987030e+01 7.0428356102043779e+01 3.0425955264076567e+01 -1.5035388443782340e+01 1.1947550067443867e-01 -1.6344900097583566e+00 1.0604676409192784e+01 1.3639271634078685e-02 4.1149379979569828e-04 4.5289977564943600e+00 2.5039153628807952e+01 -1.3870492004055418e+01 -9.1680670683988219e-02 -8.1147574696877434e-01 1.4768647119987030e+01 4.1149379979569828e-04 1.1139336508381779e-02</coeffs>
        </covariance>
      </sensor>
    </sensors>
    <components next_id="1" active_id="0">
      <component id="0" label="Component 1">
        <region>
          <center>-1.1704480028988754e-01 -5.4710583492352249e-02 -1.9421888418016977e+00</center>
          <size>8.1685927882790565e-01 3.9602259546518326e-01 2.7553381696343404e-01</size>
          <R>-6.3325869276453034e-02 -9.6890679337487018e-01 -2.3918499123567152e-01 9.9341877990729843e-01 -3.8278538600737662e-02 -1.0795314358594037e-01 9.5440882266858637e-02 -2.4444708882418403e-01 9.6495422624988025e-01</R>
        </region>
        <partition>
          <camera_ids>0 1 2</camera_ids>
        </partition>
      </component>
    </components>
    <cameras next_id="3" next_group_id="0">
      <camera id="0" sensor_id="0" component_id="0" label="40">
        <transform>1 0 0 0 0 -1.0000000000000000e+00 0 0 0 0 -1.0000000000000000e+00 0 0 0 0 1</transform>
      </camera>
      <camera id="1" sensor_id="0" component_id="0" label="44">
        <transform>9.5077434021787710e-01 9.0039339121078532e-02 -2.9651487550188765e-01 5.8094187470977032e-01 4.7463523420460584e-02 -9.8787971128503460e-01 -1.4778663666215719e-01 3.1844041527661182e-01 -3.0622764069851022e-01 1.2643810122758278e-01 -9.4352426499279185e-01 -1.4318032991098148e-01 0 0 0 1</transform>
        <rotation_covariance>3.2514552312621410e-04 5.1023326479233131e-04 -3.1748533210816451e-05 5.1023326479233142e-04 9.8536278709165730e-04 1.0639730495637258e-05 -3.1748533210816471e-05 1.0639730495637254e-05 1.3903752419204524e-04</rotation_covariance>
        <location_covariance>2.8128906703795845e-03 1.3425947526570802e-03 -2.6014395335909561e-04 1.3425947526570802e-03 9.0188621538114788e-04 -5.1462920667546077e-04 -2.6014395335909561e-04 -5.1462920667546077e-04 1.4823943295454909e-03</location_covariance>
      </camera>
      <camera id="2" sensor_id="0" component_id="0" label="45">
        <transform>8.1363946591178959e-01 4.5862749612013774e-02 5.7955795888660155e-01 -1.1437315725438455e+00 3.1209634180674483e-03 -9.9721373721898676e-01 7.4532019220496987e-02 -8.5675644817159516e-02 5.8136140145190307e-01 -5.8833413123557589e-02 -8.1151558851454730e-01 -4.2924567687244070e-01 0 0 0 1</transform>
        <rotation_covariance>5.0360592560608544e-04 -3.4844111829310942e-04 1.1430662847962649e-04 -3.4844111829310953e-04 1.0924276511979482e-02 -5.7213261120429609e-05 1.1430662847962647e-04 -5.7213261120429555e-05 6.1724476708769553e-04</rotation_covariance>
        <location_covariance>1.3082925843638106e-03 2.7993038000017462e-04 -3.5418382352726519e-03 2.7993038000017462e-04 1.8986237029748106e-03 -1.1248360781543510e-03 -3.5418382352726519e-03 -1.1248360781543510e-03 9.6617939196304101e-03</location_covariance>
      </camera>
    </cameras>
    <reference>LOCAL_CS["Local Coordinates (m)",LOCAL_DATUM["Local Datum",0],UNIT["metre",1,AUTHORITY["EPSG","9001"]]]</reference>
    <region>
      <center>-1.1704480028988754e-01 -5.4710583492352249e-02 -1.9421888418016977e+00</center>
      <size>8.1685927882790565e-01 3.9602259546518326e-01 2.7553381696343404e-01</size>
      <R>-6.3325869276453034e-02 -9.6890679337487018e-01 -2.3918499123567152e-01 9.9341877990729843e-01 -3.8278538600737662e-02 -1.0795314358594037e-01 9.5440882266858637e-02 -2.4444708882418403e-01 9.6495422624988025e-01</R>
    </region>
    <settings>
      <property name="accuracy_tiepoints" value="1"/>
      <property name="accuracy_cameras" value="10"/>
      <property name="accuracy_cameras_ypr" value="10"/>
      <property name="accuracy_markers" value="0.0050000000000000001"/>
      <property name="accuracy_scalebars" value="0.001"/>
      <property name="accuracy_projections" value="0.5"/>
    </settings>
    <meta>
      <property name="AlignCameras/adaptive_fitting" value="false"/>
      <property name="AlignCameras/cameras" value=""/>
      <property name="AlignCameras/duration" value="0.573792"/>
      <property name="AlignCameras/min_image" value="2"/>
      <property name="AlignCameras/ram_used" value="1523712"/>
      <property name="AlignCameras/reset_alignment" value="false"/>
      <property name="AlignCameras/subdivide_task" value="true"/>
      <property name="OptimizeCameras/sigma0" value="0.338991373701681"/>
    </meta>
  </chunk>
</document>
