<?xml version="1.0" encoding="UTF-8"?>
<document version="1.5.0">
  <chunk label="Chunk 1" enabled="true">
    <sensors next_id="1">
      <sensor id="0" label="unknown" type="frame">
        <resolution width="2896" height="4344"/>
        <property name="layer_index" value="0"/>
        <bands>
          <band label="Red"/>
          <band label="Green"/>
          <band label="Blue"/>
        </bands>
        <data_type>uint8</data_type>
        <calibration type="frame" class="adjusted">
          <resolution width="2896" height="4344"/>
          <f>6935.4112398398329</f>
          <cx>1113.2409890508782</cx>
          <cy>345.72526736804252</cy>
          <k1>0.43971023690000888</k1>
          <k2>-5.0497862181354156</k2>
          <k3>12.252926378315033</k3>
          <p1>-0.036018142913378889</p1>
          <p2>0.050832153671431013</p2>
        </calibration>
        <covariance>
          <params>f cx cy k1 k2 k3 p1 p2</params>
          <coeffs>1.2565034289568603e+09 -1.9610547930965194e+08 5.0276516748752229e+07 2.1306009145209938e+05 -3.2751584693639562e+06 1.2045059935555490e+07 -2.2961537654964691e+03 3.3734335952174297e+04 -1.9610547930965194e+08 3.5319176392312564e+07 -2.3152576667099982e+06 -3.2214834577088510e+04 5.5856119474126387e+05 -2.0827075642630791e+06 7.4156621978253611e+02 -5.0609332483907801e+03 5.0276516748752229e+07 -2.3152576667099982e+06 1.5783865127274716e+07 6.5618236522992729e+03 1.0862589588842338e+04 -8.1701373012668118e+04 5.3218113294591217e+02 1.9142517773447555e+03 2.1306009145209938e+05 -3.2214834577088510e+04 6.5618236522992729e+03 4.2500272786724878e+01 -6.1246969807945322e+02 2.2176073316155553e+03 -3.6730032533161616e-01 5.6115458215895959e+00 -3.2751584693639562e+06 5.5856119474126387e+05 1.0862589588842338e+04 -6.1246969807945322e+02 1.0252082534608580e+04 -3.7904592925178658e+04 1.1809919503806535e+01 -8.1878171986268200e+01 1.2045059935555490e+07 -2.0827075642630791e+06 -8.1701373012668118e+04 2.2176073316155553e+03 -3.7904592925178658e+04 1.4059385367336334e+05 -4.5333971021040206e+01 2.9948126842687856e+02 -2.2961537654964691e+03 7.4156621978253611e+02 5.3218113294591217e+02 -3.6730032533161616e-01 1.1809919503806535e+01 -4.5333971021040206e+01 5.9305739017479667e-02 -3.8683823406390351e-02 3.3734335952174297e+04 -5.0609332483907801e+03 1.9142517773447555e+03 5.6115458215895959e+00 -8.1878171986268200e+01 2.9948126842687856e+02 -3.8683823406390351e-02 9.4439244200354411e-01</coeffs>
        </covariance>
      </sensor>
    </sensors>
    <components next_id="1" active_id="0">
      <component id="0" label="Component 1">
        <region>
          <center>-8.7240921867405685e-01 -1.0970704295484050e-01 -6.3199449123272986e+00</center>
          <size>4.9302625795205444e+00 1.7699849267800651e+00 1.6211088617642719e+00</size>
          <R>-1.4827372868378033e-01 -6.7217788904034081e-01 -7.2539078217708297e-01 1.6128211872525994e-01 -7.4011431055474652e-01 6.5285441370305819e-01 -9.7570640028735078e-01 -2.0191404045877732e-02 2.1814978258287640e-01</R>
        </region>
        <partition>
          <camera_ids>0 1</camera_ids>
        </partition>
      </component>
    </components>
    <cameras next_id="2" next_group_id="0">
      <camera id="0" sensor_id="0" component_id="0" label="40">
        <transform>1 0 0 0 0 -1.0000000000000000e+00 0 0 0 0 -1.0000000000000000e+00 0 0 0 0 1</transform>
      </camera>
      <camera id="1" sensor_id="0" component_id="0" label="44">
        <transform>9.8902336306284488e-01 9.7299564821947987e-02 -1.1120063849331113e-01 7.4313539825682740e-01 9.2967778145926550e-02 -9.9471799274428852e-01 -4.3509851038376512e-02 4.3798184182260075e-01 -1.1484676548545161e-01 3.2694182911207292e-02 -9.9284505883914120e-01 -2.4441423513809488e-02 0 0 0 1</transform>
        <rotation_covariance>8.5806667178915552e-02 8.1937146393496335e-02 -9.8944795876802667e-03 8.1937146393496335e-02 8.3064069008704208e-02 -1.1450221605408258e-02 -9.8944795876802667e-03 -1.1450221605408262e-02 6.1131753896580127e-03</rotation_covariance>
        <location_covariance>1.2358660714418691e-02 -1.4131328825427109e-02 1.2253348598444122e-01 -1.4131328825427109e-02 1.6313852441807455e-02 -1.3732095158044563e-01 1.2253348598444122e-01 -1.3732095158044566e-01 1.2648562631936036e+00</location_covariance>
      </camera>
    </cameras>
    <reference>LOCAL_CS["Local Coordinates (m)",LOCAL_DATUM["Local Datum",0],UNIT["metre",1,AUTHORITY["EPSG","9001"]]]</reference>
    <region>
      <center>-8.7240921867405685e-01 -1.0970704295484050e-01 -6.3199449123272986e+00</center>
      <size>4.9302625795205444e+00 1.7699849267800651e+00 1.6211088617642719e+00</size>
      <R>-1.4827372868378033e-01 -6.7217788904034081e-01 -7.2539078217708297e-01 1.6128211872525994e-01 -7.4011431055474652e-01 6.5285441370305819e-01 -9.7570640028735078e-01 -2.0191404045877732e-02 2.1814978258287640e-01</R>
    </region>
    <settings>
      <property name="accuracy_tiepoints" value="1"/>
      <property name="accuracy_cameras" value="10"/>
      <property name="accuracy_cameras_ypr" value="10"/>
      <property name="accuracy_markers" value="0.0050000000000000001"/>
      <property name="accuracy_scalebars" value="0.001"/>
      <property name="accuracy_projections" value="0.5"/>
    </settings>
    <meta>
      <property name="AlignCameras/adaptive_fitting" value="false"/>
      <property name="AlignCameras/cameras" value=""/>
      <property name="AlignCameras/duration" value="0.464166"/>
      <property name="AlignCameras/min_image" value="2"/>
      <property name="AlignCameras/ram_used" value="1523712"/>
      <property name="AlignCameras/reset_alignment" value="false"/>
      <property name="AlignCameras/subdivide_task" value="true"/>
      <property name="OptimizeCameras/sigma0" value="0.382522142373015"/>
    </meta>
  </chunk>
</document>
