<?xml version="1.0" encoding="UTF-8"?>
<document version="1.5.0">
  <chunk label="Chunk 5" enabled="true">
    <sensors next_id="1">
      <sensor id="0" label="unknown" type="frame">
        <resolution width="2896" height="4344"/>
        <property name="layer_index" value="0"/>
        <bands>
          <band label="Red"/>
          <band label="Green"/>
          <band label="Blue"/>
        </bands>
        <data_type>uint8</data_type>
        <calibration type="frame" class="adjusted">
          <resolution width="2896" height="4344"/>
          <f>9283.2454652294218</f>
          <cx>-303.47044838520515</cx>
          <cy>-232.12204534241593</cy>
          <k1>-0.13399388839331325</k1>
          <k2>6.454812103925053</k2>
          <k3>-57.736957178834331</k3>
          <p1>-0.0078991539775190838</p1>
          <p2>0.0011595786443939163</p2>
        </calibration>
        <covariance>
          <params>f cx cy k1 k2 k3 p1 p2</params>
          <coeffs>7.4413329392890894e+08 -2.9262516939651567e+08 -6.6954307176423408e+07 -1.8139145018888310e+04 3.3431503779429086e+06 -3.9117602669910282e+07 -1.3068535189310767e+04 -3.0262414397462771e+03 -2.9262516939651567e+08 1.4706518518034995e+08 4.3528034980668567e+07 1.0399949430248464e+04 -1.3090816831971605e+06 1.5862048925583512e+07 6.3342593662039562e+03 -2.3324995621236229e+02 -6.6954307176423408e+07 4.3528034980668567e+07 2.6799896740597516e+07 7.8864342442710813e+03 -1.4536105765043510e+05 1.4322998338243626e+06 1.6012239594386440e+03 -1.1637973419121074e+03 -1.8139145018888310e+04 1.0399949430248464e+04 7.8864342442710813e+03 9.4368797727989477e+00 -9.0099594467248849e+01 4.1197795262856476e+02 4.2012730559491374e-01 -8.5894499358313370e-01 3.3431503779429086e+06 -1.3090816831971605e+06 -1.4536105765043510e+05 -9.0099594467248849e+01 2.3166233855817853e+04 -2.7432316681388277e+05 -5.9484473691240446e+01 -2.8480614484894094e+01 -3.9117602669910282e+07 1.5862048925583512e+07 1.4322998338243626e+06 4.1197795262856476e+02 -2.7432316681388277e+05 3.3503254958015429e+06 7.1087202466573808e+02 3.4798513983459429e+02 -1.3068535189310767e+04 6.3342593662039562e+03 1.6012239594386440e+03 4.2012730559491374e-01 -5.9484473691240446e+01 7.1087202466573808e+02 2.9074148072448980e-01 1.3304025712301755e-02 -3.0262414397462771e+03 -2.3324995621236229e+02 -1.1637973419121074e+03 -8.5894499358313370e-01 -2.8480614484894094e+01 3.4798513983459429e+02 1.3304025712301755e-02 2.0948688719156969e-01</coeffs>
        </covariance>
      </sensor>
    </sensors>
    <components next_id="1" active_id="0">
      <component id="0" label="Component 1">
        <region>
          <center>2.3851078541971305e-01 -1.0487481269087329e-01 -3.4191449937046641e+00</center>
          <size>1.0262291848659515e+00 6.9826997220516196e-01 5.4491899907588959e-01</size>
          <R>-5.5064950270392723e-02 -9.9757163316804331e-01 -4.2646077781691612e-02 9.6259910308129992e-01 -4.1690228315071125e-02 -2.6770299141047066e-01 2.6527498562585283e-01 -5.5792128131844622e-02 9.6255722969583657e-01</R>
        </region>
        <partition>
          <camera_ids>0 1</camera_ids>
        </partition>
      </component>
    </components>
    <cameras next_id="2" next_group_id="0">
      <camera id="0" sensor_id="0" component_id="0" label="17">
        <transform>1 0 0 0 0 -1.0000000000000000e+00 0 0 0 0 -1.0000000000000000e+00 0 0 0 0 1</transform>
      </camera>
      <camera id="1" sensor_id="0" component_id="0" label="21">
        <transform>9.6516903119738784e-01 7.5906794239338132e-02 -2.5037352057636625e-01 9.5138606940038939e-01 4.6017553545321166e-02 -9.9132068461102230e-01 -1.2314903583884670e-01 5.0475967670710242e-01 -2.5754829835042753e-01 1.0733805872401858e-01 -9.6028506974031336e-01 -3.9549673095819957e-02 0 0 0 1</transform>
        <rotation_covariance>1.9776515006955595e-01 4.0472109837561981e-01 -9.4936176245607420e-02 4.0472109837561987e-01 8.3107648700037351e-01 -2.0047027792796757e-01 -9.4936176245607407e-02 -2.0047027792796757e-01 8.2452743720297969e-02</rotation_covariance>
        <location_covariance>5.5262033617120478e-03 -8.1516451398910752e-03 2.8898623935397320e-02 -8.1516451398910734e-03 1.3254032111854577e-02 -2.6934752718729169e-02 2.8898623935397320e-02 -2.6934752718729173e-02 3.5141051934396639e-01</location_covariance>
      </camera>
    </cameras>
    <reference>LOCAL_CS["Local Coordinates (m)",LOCAL_DATUM["Local Datum",0],UNIT["metre",1,AUTHORITY["EPSG","9001"]]]</reference>
    <region>
      <center>2.3851078541971305e-01 -1.0487481269087329e-01 -3.4191449937046641e+00</center>
      <size>1.0262291848659515e+00 6.9826997220516196e-01 5.4491899907588959e-01</size>
      <R>-5.5064950270392723e-02 -9.9757163316804331e-01 -4.2646077781691612e-02 9.6259910308129992e-01 -4.1690228315071125e-02 -2.6770299141047066e-01 2.6527498562585283e-01 -5.5792128131844622e-02 9.6255722969583657e-01</R>
    </region>
    <settings>
      <property name="accuracy_tiepoints" value="1"/>
      <property name="accuracy_cameras" value="10"/>
      <property name="accuracy_cameras_ypr" value="10"/>
      <property name="accuracy_markers" value="0.0050000000000000001"/>
      <property name="accuracy_scalebars" value="0.001"/>
      <property name="accuracy_projections" value="0.5"/>
    </settings>
    <meta>
      <property name="AlignCameras/adaptive_fitting" value="false"/>
      <property name="AlignCameras/cameras" value=""/>
      <property name="AlignCameras/duration" value="0.606324"/>
      <property name="AlignCameras/min_image" value="2"/>
      <property name="AlignCameras/ram_used" value="1687552"/>
      <property name="AlignCameras/reset_alignment" value="false"/>
      <property name="AlignCameras/subdivide_task" value="true"/>
      <property name="OptimizeCameras/sigma0" value="0.183721207764064"/>
    </meta>
  </chunk>
</document>
