<?xml version="1.0" encoding="UTF-8"?>
<document version="1.5.0">
  <chunk label="Chunk 1" enabled="true">
    <sensors next_id="1">
      <sensor id="0" label="unknown" type="frame">
        <resolution width="2896" height="4344"/>
        <property name="layer_index" value="0"/>
        <bands>
          <band label="Red"/>
          <band label="Green"/>
          <band label="Blue"/>
        </bands>
        <data_type>uint8</data_type>
        <calibration type="frame" class="adjusted">
          <resolution width="2896" height="4344"/>
          <f>6905.8054262134692</f>
          <cx>-361.00216716231978</cx>
          <cy>-38.464282877981937</cy>
          <k1>0.087559081521772983</k1>
          <k2>-4.0461139027117161</k2>
          <k3>15.830230476167742</k3>
          <p1>-0.0073152305426926051</p1>
          <p2>0.047529503158111434</p2>
        </calibration>
        <covariance>
          <params>f cx cy k1 k2 k3 p1 p2</params>
          <coeffs>1.9996321054500740e+07 -6.1750937587488499e+06 -9.5687714568671607e+05 1.9768312048452158e+03 -1.0247897772441890e+05 6.5655316538489074e+05 9.5803647956440741e+01 5.2521738571098604e+02 -6.1750937587488499e+06 2.9266023672683273e+07 8.5047285138356909e+06 -6.9605052240451969e+03 2.7680416756281586e+04 -1.0537743053873401e+04 5.2469842027793743e+02 -3.2041670353825089e+02 -9.5687714568671607e+05 8.5047285138356909e+06 5.7910387212991649e+06 -3.0056010172148431e+03 5.9612048089977325e+04 -2.3713731286156827e+05 9.3785627143845343e+00 -6.2183855461459586e+02 1.9768312048452158e+03 -6.9605052240451969e+03 -3.0056010172148431e+03 3.8101073634452254e+00 -5.7423535694604148e+01 2.4224263018812977e+02 -3.0205463745500312e-04 2.4050879337809961e-01 -1.0247897772441890e+05 2.7680416756281586e+04 5.9612048089977325e+04 -5.7423535694604148e+01 2.5207621002798637e+03 -1.3542405520945447e+04 -3.4006530051051813e+00 -1.6262062561672646e+01 6.5655316538489074e+05 -1.0537743053873401e+04 -2.3713731286156827e+05 2.4224263018812977e+02 -1.3542405520945447e+04 7.6524144368889334e+04 1.6955916213153383e+01 8.5871408089377098e+01 9.5803647956440741e+01 5.2469842027793743e+02 9.3785627143845343e+00 -3.0205463745500312e-04 -3.4006530051051813e+00 1.6955916213153383e+01 3.4329785523920152e-02 1.6741317868997331e-02 5.2521738571098604e+02 -3.2041670353825089e+02 -6.2183855461459586e+02 2.4050879337809961e-01 -1.6262062561672646e+01 8.5871408089377098e+01 1.6741317868997331e-02 1.5171013506361333e-01</coeffs>
        </covariance>
      </sensor>
    </sensors>
    <components next_id="1" active_id="0">
      <component id="0" label="Component 1">
        <region>
          <center>5.1383279084355638e-01 3.9120025033888797e-02 -5.9751398596997820e+00</center>
          <size>2.0201756656169891e+00 1.7050892055034641e+00 1.4268036723136901e+00</size>
          <R>-7.2135044697838061e-02 8.2450042307431148e-01 5.6124467719232995e-01 -1.6795306607760005e-01 -5.6471650866136125e-01 8.0801425262210314e-01 9.8315222774582289e-01 -3.5976620124799068e-02 1.7921322463150335e-01</R>
        </region>
        <partition>
          <camera_ids>0 1</camera_ids>
        </partition>
      </component>
    </components>
    <cameras next_id="2" next_group_id="0">
      <camera id="0" sensor_id="0" component_id="0" label="47">
        <transform>1 0 0 0 0 -1.0000000000000000e+00 0 0 0 0 -1.0000000000000000e+00 0 0 0 0 1</transform>
      </camera>
      <camera id="1" sensor_id="0" component_id="0" label="51">
        <transform>9.9148692857792364e-01 7.2267218632309282e-02 -1.0831029300239989e-01 8.2439021591395578e-01 6.6854413854945893e-02 -9.9636450533370646e-01 -5.2803975789995905e-02 4.7212743409574726e-01 -1.1173252797295569e-01 4.5113430619592942e-02 -9.9271376567996883e-01 1.8228235533497095e-01 0 0 0 1</transform>
        <rotation_covariance>1.0005247629168846e-02 1.3243584677277305e-02 -6.4115497686488424e-03 1.3243584677277306e-02 2.2041315879591357e-02 -5.0963830192618615e-03 -6.4115497686488424e-03 -5.0963830192618615e-03 8.1353296998184759e-03</rotation_covariance>
        <location_covariance>2.8189721557494038e-02 -1.0493553895401440e-02 -1.0031160686153091e-01 -1.0493553895401441e-02 6.2885055471792496e-03 3.1170362939446049e-02 -1.0031160686153091e-01 3.1170362939446056e-02 3.7293529392846053e-01</location_covariance>
      </camera>
    </cameras>
    <reference>LOCAL_CS["Local Coordinates (m)",LOCAL_DATUM["Local Datum",0],UNIT["metre",1,AUTHORITY["EPSG","9001"]]]</reference>
    <region>
      <center>5.1383279084355638e-01 3.9120025033888797e-02 -5.9751398596997820e+00</center>
      <size>2.0201756656169891e+00 1.7050892055034641e+00 1.4268036723136901e+00</size>
      <R>-7.2135044697838061e-02 8.2450042307431148e-01 5.6124467719232995e-01 -1.6795306607760005e-01 -5.6471650866136125e-01 8.0801425262210314e-01 9.8315222774582289e-01 -3.5976620124799068e-02 1.7921322463150335e-01</R>
    </region>
    <settings>
      <property name="accuracy_tiepoints" value="1"/>
      <property name="accuracy_cameras" value="10"/>
      <property name="accuracy_cameras_ypr" value="10"/>
      <property name="accuracy_markers" value="0.0050000000000000001"/>
      <property name="accuracy_scalebars" value="0.001"/>
      <property name="accuracy_projections" value="0.5"/>
    </settings>
    <meta>
      <property name="AlignCameras/adaptive_fitting" value="false"/>
      <property name="AlignCameras/cameras" value=""/>
      <property name="AlignCameras/duration" value="0.540329"/>
      <property name="AlignCameras/min_image" value="2"/>
      <property name="AlignCameras/ram_used" value="1523712"/>
      <property name="AlignCameras/reset_alignment" value="false"/>
      <property name="AlignCameras/subdivide_task" value="true"/>
      <property name="OptimizeCameras/sigma0" value="0.209194116361657"/>
    </meta>
  </chunk>
</document>
