<?xml version="1.0" encoding="UTF-8"?>
<document version="1.5.0">
  <chunk label="Chunk 6" enabled="true">
    <sensors next_id="1">
      <sensor id="0" label="unknown" type="frame">
        <resolution width="2896" height="4344"/>
        <property name="layer_index" value="0"/>
        <bands>
          <band label="Red"/>
          <band label="Green"/>
          <band label="Blue"/>
        </bands>
        <data_type>uint8</data_type>
        <calibration type="frame" class="adjusted">
          <resolution width="2896" height="4344"/>
          <f>8825.0576348848408</f>
          <cx>162.28752636106438</cx>
          <cy>399.19402687279467</cy>
          <k1>-0.04778222745719677</k1>
          <k2>7.8879910261797432</k2>
          <k3>-95.862822350150068</k3>
          <p1>-0.05796367930462322</p1>
          <p2>0.05101051422190564</p2>
        </calibration>
        <covariance>
          <params>f cx cy k1 k2 k3 p1 p2</params>
          <coeffs>1.2200427894367073e+08 -7.3026732762781354e+06 -5.5899877772347927e+06 2.1763998033226861e+04 4.0776006792806520e+05 -9.5937519639620483e+06 -2.0742482138295640e+02 1.2557030366746355e+03 -7.3026732762781354e+06 1.7943472609893300e+06 1.4239472675506007e+06 -8.7919470568036706e+02 -2.6290348892563321e+04 7.1443269065851055e+05 -5.6407204004007959e+01 -8.1561729443257462e+01 -5.5899877772347927e+06 1.4239472675506007e+06 2.0342855408187851e+07 1.3288635933865035e+03 -1.9271933204247878e+05 4.8898857219734276e+06 -1.7336829023535265e+02 4.8304725836905743e+02 2.1763998033226861e+04 -8.7919470568036706e+02 1.3288635933865035e+03 8.9058335559111246e+00 -1.3837043213410519e+01 -7.9936989928421804e+02 -4.1294568007961122e-02 4.7527611932763081e-01 4.0776006792806520e+05 -2.6290348892563321e+04 -1.9271933204247878e+05 -1.3837043213410519e+01 4.3604581408183567e+03 -8.1708383319535351e+04 -5.3355881770413915e-01 -4.5447912260840342e+00 -9.5937519639620483e+06 7.1443269065851055e+05 4.8898857219734276e+06 -7.9936989928421804e+02 -8.1708383319535351e+04 1.8304103079398589e+06 -9.4014587038429251e+00 5.4669454877958138e+01 -2.0742482138295640e+02 -5.6407204004007959e+01 -1.7336829023535265e+02 -4.1294568007961122e-02 -5.3355881770413915e-01 -9.4014587038429251e+00 1.8215802417183881e-02 8.4222940042624468e-04 1.2557030366746355e+03 -8.1561729443257462e+01 4.8304725836905743e+02 4.7527611932763081e-01 -4.5447912260840342e+00 5.4669454877958138e+01 8.4222940042624468e-04 5.8722907635965473e-02</coeffs>
        </covariance>
      </sensor>
    </sensors>
    <components next_id="1" active_id="0">
      <component id="0" label="Component 1">
        <region>
          <center>-1.4833663106138095e-02 4.6604773153639006e-02 -1.8807864596278931e+00</center>
          <size>1.0706802209218345e+00 4.6015001138051348e-01 3.5828042825063067e-01</size>
          <R>-5.5288008926191255e-02 -8.2443312855786222e-01 -5.6325238801559718e-01 4.8648487093093384e-01 -5.1486953700070914e-01 7.0586247259929324e-01 -8.7193790284875805e-01 -2.3498803459957496e-01 4.2954035569517679e-01</R>
        </region>
        <partition>
          <camera_ids>0 1 2</camera_ids>
        </partition>
      </component>
    </components>
    <cameras next_id="3" next_group_id="0">
      <camera id="0" sensor_id="0" component_id="0" label="40">
        <transform>1 0 0 0 0 -1.0000000000000000e+00 0 0 0 0 -1.0000000000000000e+00 0 0 0 0 1</transform>
      </camera>
      <camera id="1" sensor_id="0" component_id="0" label="44">
        <transform>9.8373738038496195e-01 8.8995326996924196e-02 -1.5601473714378483e-01 3.0980397129753123e-01 7.6826148126976745e-02 -9.9363555851904606e-01 -8.2377908510207487e-02 1.7971782767747507e-01 -1.6235303938425527e-01 6.9052216613623915e-02 -9.8431360956934877e-01 1.1725599197113364e-02 0 0 0 1</transform>
        <rotation_covariance>1.0507330953595278e-02 1.7792462825826399e-02 4.4259270704929455e-04 1.7792462825826392e-02 3.7168185689371060e-02 -5.1680952541085130e-03 4.4259270704929466e-04 -5.1680952541085130e-03 6.5417613674136075e-03</rotation_covariance>
        <location_covariance>1.4489628875978301e-02 7.8151063333508734e-03 4.9130973114097816e-04 7.8151063333508734e-03 5.0484230824411024e-03 1.1455173704448239e-03 4.9130973114097816e-04 1.1455173704448239e-03 1.1434718068988181e-02</location_covariance>
      </camera>
      <camera id="2" sensor_id="0" component_id="0" label="45">
        <transform>9.7795372214260268e-01 -1.7556363036284509e-02 2.0808241507721648e-01 -4.6873959091063999e-01 -2.4821648874159510e-02 -9.9916814921130526e-01 3.2355762219774584e-02 5.4099608697763544e-03 2.0734127204827485e-01 -3.6807386739523461e-02 -9.7757598844632532e-01 -9.6354639294322503e-02 0 0 0 1</transform>
        <rotation_covariance>2.2292226090955825e-03 -1.4029409971091573e-02 -7.4903932055061736e-04 -1.4029409971091575e-02 1.3186944258067640e-01 -6.8835423303341700e-03 -7.4903932055061725e-04 -6.8835423303341692e-03 1.8354428392726371e-02</rotation_covariance>
        <location_covariance>5.5507929657518465e-04 1.0321125302092859e-03 -2.6423632101436529e-03 1.0321125302092862e-03 5.6062010907903638e-03 -4.7061841544509039e-03 -2.6423632101436529e-03 -4.7061841544509030e-03 1.2590156394368869e-02</location_covariance>
      </camera>
    </cameras>
    <reference>LOCAL_CS["Local Coordinates (m)",LOCAL_DATUM["Local Datum",0],UNIT["metre",1,AUTHORITY["EPSG","9001"]]]</reference>
    <region>
      <center>-1.4833663106138095e-02 4.6604773153639006e-02 -1.8807864596278931e+00</center>
      <size>1.0706802209218345e+00 4.6015001138051348e-01 3.5828042825063067e-01</size>
      <R>-5.5288008926191255e-02 -8.2443312855786222e-01 -5.6325238801559718e-01 4.8648487093093384e-01 -5.1486953700070914e-01 7.0586247259929324e-01 -8.7193790284875805e-01 -2.3498803459957496e-01 4.2954035569517679e-01</R>
    </region>
    <settings>
      <property name="accuracy_tiepoints" value="1"/>
      <property name="accuracy_cameras" value="10"/>
      <property name="accuracy_cameras_ypr" value="10"/>
      <property name="accuracy_markers" value="0.0050000000000000001"/>
      <property name="accuracy_scalebars" value="0.001"/>
      <property name="accuracy_projections" value="0.5"/>
    </settings>
    <meta>
      <property name="AlignCameras/adaptive_fitting" value="false"/>
      <property name="AlignCameras/cameras" value=""/>
      <property name="AlignCameras/duration" value="0.63078"/>
      <property name="AlignCameras/min_image" value="2"/>
      <property name="AlignCameras/ram_used" value="1884160"/>
      <property name="AlignCameras/reset_alignment" value="false"/>
      <property name="AlignCameras/subdivide_task" value="true"/>
      <property name="OptimizeCameras/sigma0" value="0.377085220141444"/>
    </meta>
  </chunk>
</document>
