<?xml version="1.0" encoding="UTF-8"?>
<document version="1.5.0">
  <chunk label="Chunk 2" enabled="true">
    <sensors next_id="1">
      <sensor id="0" label="unknown" type="frame">
        <resolution width="2896" height="4344"/>
        <property name="layer_index" value="0"/>
        <bands>
          <band label="Red"/>
          <band label="Green"/>
          <band label="Blue"/>
        </bands>
        <data_type>uint8</data_type>
        <calibration type="frame" class="adjusted">
          <resolution width="2896" height="4344"/>
          <f>10028.876865558013</f>
          <cx>-39.330113378702009</cx>
          <cy>104.65002723008756</cy>
          <k1>0.48640204486012295</k1>
          <k2>-17.822739922846292</k2>
          <k3>239.3448496445414</k3>
          <p1>-0.0017642700968494157</p1>
          <p2>-0.0041874679191346445</p2>
        </calibration>
        <covariance>
          <params>f cx cy k1 k2 k3 p1 p2</params>
          <coeffs>3.5769981419557476e+08 -9.5834629659112766e+07 9.1395042927686367e+06 8.2198684774778289e+04 -2.9916745067084893e+06 5.3638538308424383e+07 -5.1462225845616913e+03 -5.4039036120366882e+02 -9.5834629659112766e+07 3.0290995698349986e+07 -5.9341116701744671e+05 -2.1419363683772248e+04 8.4783476546897599e+05 -1.5618498043719498e+07 1.5536959149066015e+03 7.3771820925814765e+01 9.1395042927686367e+06 -5.9341116701744671e+05 2.4057926887470377e+06 2.0424385891882016e+03 -6.6835067391962175e+03 -2.4911019661999829e+05 -1.1072581264386804e+02 -3.4811261310773610e+01 8.2198684774778289e+04 -2.1419363683772248e+04 2.0424385891882016e+03 2.3504447819798759e+01 -8.3769253065028465e+02 1.4452083020439493e+04 -1.1493031581930124e+00 -2.9481951135445433e-01 -2.9916745067084893e+06 8.4783476546897599e+05 -6.6835067391962175e+03 -8.3769253065028465e+02 3.2781742785527691e+04 -5.7908702700087684e+05 4.3126932370828179e+01 7.5952925665060667e+00 5.3638538308424383e+07 -1.5618498043719498e+07 -2.4911019661999829e+05 1.4452083020439493e+04 -5.7908702700087684e+05 1.0400711355907189e+07 -7.7221167834771416e+02 -1.2629251193252566e+02 -5.1462225845616913e+03 1.5536959149066015e+03 -1.1072581264386804e+02 -1.1493031581930124e+00 4.3126932370828179e+01 -7.7221167834771416e+02 9.2295520671767564e-02 3.4102437085356415e-03 -5.4039036120366882e+02 7.3771820925814765e+01 -3.4811261310773610e+01 -2.9481951135445433e-01 7.5952925665060667e+00 -1.2629251193252566e+02 3.4102437085356415e-03 1.8534244631510217e-02</coeffs>
        </covariance>
      </sensor>
    </sensors>
    <components next_id="1" active_id="0">
      <component id="0" label="Component 1">
        <region>
          <center>9.6429265417018906e-02 -5.7476886217382006e-02 -4.0710610886693939e+00</center>
          <size>2.1664115111033126e+00 8.5690957705179827e-01 8.0628134409586583e-01</size>
          <R>-7.4547793149555550e-02 8.9262602029305316e-01 4.4459128919977386e-01 -8.0810486919351354e-01 2.0715296279786505e-01 -5.5141107205949413e-01 -5.8430227358984776e-01 -4.0038286414362462e-01 7.0589263714667161e-01</R>
        </region>
        <partition>
          <camera_ids>0 1</camera_ids>
        </partition>
      </component>
    </components>
    <cameras next_id="2" next_group_id="0">
      <camera id="0" sensor_id="0" component_id="0" label="1">
        <transform>1 0 0 0 0 -1.0000000000000000e+00 0 0 0 0 -1.0000000000000000e+00 0 0 0 0 1</transform>
      </camera>
      <camera id="1" sensor_id="0" component_id="0" label="10">
        <transform>9.7083660257047411e-01 8.4917023396858443e-02 -2.2419944301187972e-01 9.9299110025291526e-01 6.2421751190609845e-02 -9.9244805969047178e-01 -1.0559533036510291e-01 5.0623076787414933e-01 -2.3147314334003705e-01 8.8520889930202379e-02 -9.6880557180388271e-01 -1.5725913459424336e-02 0 0 0 1</transform>
        <rotation_covariance>6.1207081136052950e-02 1.1978380456688677e-01 -1.3236632239312367e-02 1.1978380456688675e-01 2.3507584286142227e-01 -2.5693863591951027e-02 -1.3236632239312368e-02 -2.5693863591951027e-02 5.0353012792087558e-03</rotation_covariance>
        <location_covariance>1.2158853411939645e-04 -2.0072168686653593e-04 1.2161353075777158e-03 -2.0072168686653596e-04 3.7715330300034798e-04 -5.3340256028547599e-04 1.2161353075777156e-03 -5.3340256028547588e-04 5.9620495297001398e-02</location_covariance>
      </camera>
    </cameras>
    <reference>LOCAL_CS["Local Coordinates (m)",LOCAL_DATUM["Local Datum",0],UNIT["metre",1,AUTHORITY["EPSG","9001"]]]</reference>
    <region>
      <center>9.6429265417018906e-02 -5.7476886217382006e-02 -4.0710610886693939e+00</center>
      <size>2.1664115111033126e+00 8.5690957705179827e-01 8.0628134409586583e-01</size>
      <R>-7.4547793149555550e-02 8.9262602029305316e-01 4.4459128919977386e-01 -8.0810486919351354e-01 2.0715296279786505e-01 -5.5141107205949413e-01 -5.8430227358984776e-01 -4.0038286414362462e-01 7.0589263714667161e-01</R>
    </region>
    <settings>
      <property name="accuracy_tiepoints" value="1"/>
      <property name="accuracy_cameras" value="10"/>
      <property name="accuracy_cameras_ypr" value="10"/>
      <property name="accuracy_markers" value="0.0050000000000000001"/>
      <property name="accuracy_scalebars" value="0.001"/>
      <property name="accuracy_projections" value="0.5"/>
    </settings>
    <meta>
      <property name="AlignCameras/adaptive_fitting" value="false"/>
      <property name="AlignCameras/cameras" value=""/>
      <property name="AlignCameras/duration" value="0.587097"/>
      <property name="AlignCameras/min_image" value="2"/>
      <property name="AlignCameras/ram_used" value="491520"/>
      <property name="AlignCameras/reset_alignment" value="false"/>
      <property name="AlignCameras/subdivide_task" value="true"/>
      <property name="OptimizeCameras/sigma0" value="0.217434615352352"/>
    </meta>
  </chunk>
</document>
