<?xml version="1.0" encoding="UTF-8"?>
<document version="1.5.0">
  <chunk label="Chunk 3" enabled="true">
    <sensors next_id="1">
      <sensor id="0" label="unknown" type="frame">
        <resolution width="2896" height="4344"/>
        <property name="layer_index" value="0"/>
        <bands>
          <band label="Red"/>
          <band label="Green"/>
          <band label="Blue"/>
        </bands>
        <data_type>uint8</data_type>
        <calibration type="frame" class="adjusted">
          <resolution width="2896" height="4344"/>
          <f>20208.984286467268</f>
          <cx>-157.93518098327493</cx>
          <cy>-1734.8771229977999</cy>
          <k1>0.17645345996251383</k1>
          <k2>-3.7622292821227301</k2>
          <k3>51.432680214050777</k3>
          <p1>0.0045973857074968223</p1>
          <p2>-0.018838944958155846</p2>
        </calibration>
        <covariance>
          <params>f cx cy k1 k2 k3 p1 p2</params>
          <coeffs>1.0594931961451363e+07 -1.8477797045986678e+07 -2.0153037018076681e+07 -1.5145483505528041e+03 4.4640945469392806e+04 -1.5992666616603527e+06 -4.1265631609537030e+02 3.6202004393520048e+02 -1.8477797045986678e+07 3.7855017183058596e+08 3.1275458838426828e+08 -2.7687910812644794e+04 -9.0656861452508281e+04 2.0664690490155321e+07 7.7543823251912791e+03 -1.5018014052107840e+03 -2.0153037018076681e+07 3.1275458838426828e+08 4.5125026838620138e+08 -3.7225126371419639e+04 -5.0972189129145886e+05 2.7241659215024535e+07 7.3933500204741795e+03 1.8511104573126927e+03 -1.5145483505528041e+03 -2.7687910812644794e+04 -3.7225126371419639e+04 1.5840679766488314e+01 -3.3676714189059157e+02 3.2111418358485403e+03 -6.0722248790128974e-01 -6.0914640034659739e-01 4.4640945469392806e+04 -9.0656861452508281e+04 -5.0972189129145886e+05 -3.3676714189059157e+02 1.5681023328410760e+04 -2.5730682711411608e+05 -4.4247324450170522e+00 1.2256096635930960e+00 -1.5992666616603527e+06 2.0664690490155321e+07 2.7241659215024535e+07 3.2111418358485403e+03 -2.5730682711411608e+05 5.3937627461652840e+06 4.8089790742898049e+02 -2.7668193012514937e+01 -4.1265631609537030e+02 7.7543823251912791e+03 7.3933500204741795e+03 -6.0722248790128974e-01 -4.4247324450170522e+00 4.8089790742898049e+02 1.6674933894216629e-01 -1.8908972816199569e-02 3.6202004393520048e+02 -1.5018014052107840e+03 1.8511104573126927e+03 -6.0914640034659739e-01 1.2256096635930960e+00 -2.7668193012514937e+01 -1.8908972816199569e-02 9.5884717847227754e-02</coeffs>
        </covariance>
      </sensor>
    </sensors>
    <components next_id="1" active_id="0">
      <component id="0" label="Component 1">
        <region>
          <center>5.0498865454803976e-02 -2.8603315081064584e-01 -2.8944805917285272e+00</center>
          <size>6.8383471965789788e-01 3.0358245372772213e-01 2.4124169349670410e-01</size>
          <R>-7.6265274662704899e-02 9.6912182794105661e-01 2.3449198384765205e-01 -9.7544238123653115e-01 -2.3780625951249267e-02 -2.1896721836149943e-01 -2.0662954476121742e-01 -2.4543301415570015e-01 9.4713613952494724e-01</R>
        </region>
        <partition>
          <camera_ids>0 1 2</camera_ids>
        </partition>
      </component>
    </components>
    <cameras next_id="3" next_group_id="0">
      <camera id="0" sensor_id="0" component_id="0" label="1">
        <transform>1 0 0 0 0 -1.0000000000000000e+00 0 0 0 0 -1.0000000000000000e+00 0 0 0 0 1</transform>
      </camera>
      <camera id="1" sensor_id="0" component_id="0" label="8">
        <transform>7.7793768808164920e-01 1.7801736940982724e-02 6.2808920674062196e-01 -1.8497220137782397e+00 -1.8656398424323709e-02 -9.9850347460262245e-01 5.1407684292552130e-02 -1.9460666885484434e-01 6.2806440136343733e-01 -5.1709857555149980e-02 -7.7644136827684118e-01 -7.4532109236330013e-01 0 0 0 1</transform>
        <rotation_covariance>6.3909482242513457e-02 -5.1997407651434950e-03 -1.7397796224980727e-01 -5.1997407651434950e-03 1.9750204746487622e-03 1.4854459097674152e-02 -1.7397796224980730e-01 1.4854459097674154e-02 4.7651738629485235e-01</rotation_covariance>
        <location_covariance>6.7187568946963949e-01 -4.9741191796181000e-01 -1.3534019583731995e+00 -4.9741191796181000e-01 6.2683740263259613e-01 9.5703326893830110e-01 -1.3534019583731995e+00 9.5703326893830110e-01 2.7751526032139142e+00</location_covariance>
      </camera>
      <camera id="2" sensor_id="0" component_id="0" label="10">
        <transform>9.4836693059617438e-01 6.9532574152632851e-02 -3.0945982951475381e-01 9.2398820159713380e-01 2.3080172453597260e-02 -9.8821667095605192e-01 -1.5131132437478098e-01 4.7745942308012712e-01 -3.1633442839991993e-01 1.3635627002909156e-01 -9.3879683480114562e-01 -1.3737638491579890e-01 0 0 0 1</transform>
        <rotation_covariance>1.7781517576477895e-03 -2.8623202886180902e-03 1.4832047108050942e-02 -2.8623202886180928e-03 6.8737474253946574e-03 -3.5744121011441594e-02 1.4832047108050958e-02 -3.5744121011441594e-02 1.9371505194214877e-01</rotation_covariance>
        <location_covariance>1.9264153907377055e-02 -1.4733427495043616e-02 7.8363083575023265e-02 -1.4733427495043618e-02 1.9905819940349213e-02 -2.9912651088975513e-02 7.8363083575023265e-02 -2.9912651088975506e-02 4.2310392406946856e-01</location_covariance>
      </camera>
    </cameras>
    <reference>LOCAL_CS["Local Coordinates (m)",LOCAL_DATUM["Local Datum",0],UNIT["metre",1,AUTHORITY["EPSG","9001"]]]</reference>
    <region>
      <center>5.0498865454803976e-02 -2.8603315081064584e-01 -2.8944805917285272e+00</center>
      <size>6.8383471965789788e-01 3.0358245372772213e-01 2.4124169349670410e-01</size>
      <R>-7.6265274662704899e-02 9.6912182794105661e-01 2.3449198384765205e-01 -9.7544238123653115e-01 -2.3780625951249267e-02 -2.1896721836149943e-01 -2.0662954476121742e-01 -2.4543301415570015e-01 9.4713613952494724e-01</R>
    </region>
    <settings>
      <property name="accuracy_tiepoints" value="1"/>
      <property name="accuracy_cameras" value="10"/>
      <property name="accuracy_cameras_ypr" value="10"/>
      <property name="accuracy_markers" value="0.0050000000000000001"/>
      <property name="accuracy_scalebars" value="0.001"/>
      <property name="accuracy_projections" value="0.5"/>
    </settings>
    <meta>
      <property name="AlignCameras/adaptive_fitting" value="false"/>
      <property name="AlignCameras/cameras" value=""/>
      <property name="AlignCameras/duration" value="0.538132"/>
      <property name="AlignCameras/min_image" value="2"/>
      <property name="AlignCameras/ram_used" value="1359872"/>
      <property name="AlignCameras/reset_alignment" value="false"/>
      <property name="AlignCameras/subdivide_task" value="true"/>
      <property name="OptimizeCameras/sigma0" value="0.210771556238249"/>
    </meta>
  </chunk>
</document>
