<?xml version="1.0" encoding="UTF-8"?>
<document version="1.5.0">
  <chunk label="Chunk 4" enabled="true">
    <sensors next_id="1">
      <sensor id="0" label="unknown" type="frame">
        <resolution width="2896" height="4344"/>
        <property name="layer_index" value="0"/>
        <bands>
          <band label="Red"/>
          <band label="Green"/>
          <band label="Blue"/>
        </bands>
        <data_type>uint8</data_type>
        <calibration type="frame" class="adjusted">
          <resolution width="2896" height="4344"/>
          <f>14985.420479136781</f>
          <cx>661.72467108280773</cx>
          <cy>120.67570612158144</cy>
          <k1>-3.6075560001014311</k1>
          <k2>496.08967725763409</k2>
          <k3>-10617.890415350046</k3>
          <p1>0.12992099987800462</p1>
          <p2>-0.041085607851003819</p2>
        </calibration>
        <covariance>
          <params>f cx cy k1 k2 k3 p1 p2</params>
          <coeffs>8.4382222732180282e+06 -2.4838551142377636e+05 -5.9010603684054120e+04 -4.9121851163341771e+03 9.8224557711763878e+05 -3.1352847310858093e+07 3.3190269274108282e+01 -1.6304310255080768e+01 -2.4838551142377636e+05 4.1920337774916872e+04 -4.4016248414791733e+02 1.6970697329597979e+02 -4.2323432913240926e+04 1.3582147088966614e+06 4.0508623486863221e-01 6.6818198731470160e+00 -5.9010603684054120e+04 -4.4016248414791733e+02 8.5049259171385638e+03 -1.5990824065314884e+00 3.3807071263206844e+03 -6.6925769656363045e+04 1.8631500829872547e+00 -3.0475846786723695e+00 -4.9121851163341771e+03 1.6970697329597979e+02 -1.5990824065314884e+00 4.8542474559598086e+00 -8.2517666876685007e+02 2.4765541497587084e+04 -2.6143184711562507e-02 4.2223612316559436e-03 9.8224557711763878e+05 -4.2323432913240926e+04 3.3807071263206844e+03 -8.2517666876685007e+02 1.5682996967910338e+05 -4.7875662967445068e+06 6.9291265872253689e+00 -6.4365999952921662e+00 -3.1352847310858093e+07 1.3582147088966614e+06 -6.6925769656363045e+04 2.4765541497587084e+04 -4.7875662967445068e+06 1.4796575620407024e+08 -1.8711227583206539e+02 1.6842382374094268e+02 3.3190269274108282e+01 4.0508623486863221e-01 1.8631500829872547e+00 -2.6143184711562507e-02 6.9291265872253689e+00 -1.8711227583206539e+02 2.4039930085381087e-03 -2.4512676348621403e-03 -1.6304310255080768e+01 6.6818198731470160e+00 -3.0475846786723695e+00 4.2223612316559436e-03 -6.4365999952921662e+00 1.6842382374094268e+02 -2.4512676348621403e-03 6.5268249916670094e-03</coeffs>
        </covariance>
      </sensor>
    </sensors>
    <components next_id="1" active_id="0">
      <component id="0" label="Component 1">
        <region>
          <center>-3.7316505114732706e-01 2.3177344348818146e-01 -2.3453238630170881e+00</center>
          <size>3.7014797131220506e-01 2.8480691115061441e-01 1.5089204708735160e-01</size>
          <R>-2.1201433233229899e-02 -9.9877982065776860e-01 4.4602343836313202e-02 9.5566441855717843e-01 -3.3351153708863608e-02 -2.9256318915758628e-01 2.9369374922293934e-01 3.6422114067192222e-02 9.5520542883415904e-01</R>
        </region>
        <partition>
          <camera_ids>0 1 2</camera_ids>
        </partition>
      </component>
    </components>
    <cameras next_id="3" next_group_id="0">
      <camera id="0" sensor_id="0" component_id="0" label="10">
        <transform>9.9452421789945333e-01 -7.6014167199237453e-02 7.1717685381545118e-02 -5.2361783814881335e-01 -7.5585226818026111e-02 -9.9710156544324791e-01 -8.6799583807327246e-03 3.2869894433019697e-01 7.2169616171540454e-02 3.2116313035699257e-03 -9.9738720260790503e-01 -1.4182109315152258e-01 0 0 0 1</transform>
      </camera>
      <camera id="1" sensor_id="0" component_id="0" label="17">
        <transform>9.7832224171523907e-01 -2.8694405323609673e-02 -2.0509076641427432e-01 1.5443316009108074e-01 2.5667542861110455e-03 -9.8859763880028440e-01 1.5055935816460111e-01 -9.1455715536594803e-02 -2.0707245866532986e-01 -1.4782198639453545e-01 -9.6709340665763466e-01 -1.8579998188843694e-01 0 0 0 1</transform>
        <rotation_covariance>1.1636407769344272e-04 -1.0840930004722495e-04 2.0855647425209204e-05 -1.0840930004722495e-04 1.4481664169319964e-04 -2.8007804039452908e-05 2.0855647425209200e-05 -2.8007804039452905e-05 2.8354460806833439e-05</rotation_covariance>
        <location_covariance>3.6721630562699909e-04 -2.1565416644619243e-04 5.4146535710699867e-05 -2.1565416644619243e-04 3.4543260555794272e-04 -1.9607616668732496e-04 5.4146535710699867e-05 -1.9607616668732496e-04 3.2929511903041921e-04</location_covariance>
      </camera>
      <camera id="2" sensor_id="0" component_id="0" label="21">
        <transform>8.5339941800701347e-01 1.0422622494412588e-01 -5.1073116938286289e-01 8.9499498200561212e-01 1.0792929986398804e-01 -9.9390425339682176e-01 -2.2485580058693291e-02 3.4463237329991203e-01 -5.0996146871715653e-01 -3.5933676594569169e-02 -8.5944637488922915e-01 -4.2595075117383241e-01 0 0 0 1</transform>
        <rotation_covariance>6.9289513161475369e-05 7.7545305175856635e-05 -1.5274086722520996e-05 7.7545305175856621e-05 7.3991631609821083e-04 -4.1248202201725567e-05 -1.5274086722521000e-05 -4.1248202201725573e-05 3.8665385482771324e-05</rotation_covariance>
        <location_covariance>5.4733711751711848e-05 -9.5538892703332675e-05 2.6791882112814971e-04 -9.5538892703332662e-05 5.4658641447730952e-04 -4.4635855012172709e-04 2.6791882112814976e-04 -4.4635855012172709e-04 1.3126438639164489e-03</location_covariance>
      </camera>
    </cameras>
    <reference>LOCAL_CS["Local Coordinates (m)",LOCAL_DATUM["Local Datum",0],UNIT["metre",1,AUTHORITY["EPSG","9001"]]]</reference>
    <region>
      <center>-3.7316505114732706e-01 2.3177344348818146e-01 -2.3453238630170881e+00</center>
      <size>3.7014797131220506e-01 2.8480691115061441e-01 1.5089204708735160e-01</size>
      <R>-2.1201433233229899e-02 -9.9877982065776860e-01 4.4602343836313202e-02 9.5566441855717843e-01 -3.3351153708863608e-02 -2.9256318915758628e-01 2.9369374922293934e-01 3.6422114067192222e-02 9.5520542883415904e-01</R>
    </region>
    <settings>
      <property name="accuracy_tiepoints" value="1"/>
      <property name="accuracy_cameras" value="10"/>
      <property name="accuracy_cameras_ypr" value="10"/>
      <property name="accuracy_markers" value="0.0050000000000000001"/>
      <property name="accuracy_scalebars" value="0.001"/>
      <property name="accuracy_projections" value="0.5"/>
    </settings>
    <meta>
      <property name="AlignCameras/adaptive_fitting" value="false"/>
      <property name="AlignCameras/cameras" value=""/>
      <property name="AlignCameras/duration" value="0.53924"/>
      <property name="AlignCameras/min_image" value="2"/>
      <property name="AlignCameras/ram_used" value="1753088"/>
      <property name="AlignCameras/reset_alignment" value="false"/>
      <property name="AlignCameras/subdivide_task" value="true"/>
      <property name="OptimizeCameras/sigma0" value="0.149453067830885"/>
    </meta>
  </chunk>
</document>
